Turn All Type1 Type2 Type3 Type4 Housewife OldMan Oaf Gamer
0 2 0 2 0 1 1 1 2
1 2 0 2 0 1 1 1 2
2 2 0 2 0 1 1 1 2
3 2 0 2 0 1 1 1 2
4 2 0 2 0 1 1 1 2
5 2 0 2 0 1 1 1 2
6 2 0 2 0 1 1 1 2
7 2 0 2 0 1 1 1 2
8 2 0 2 0 1 1 1 2
9 2 0 2 0 1 1 1 2
10 2 0 2 0 1 1 1 2
11 2 0 2 0 1 1 1 2
12 3 0 3 0 1 1 1 3
13 3 0 3 0 1 1 1 3
14 3 0 3 0 1 1 1 3
15 3 0 3 0 1 1 1 3
16 3 0 3 0 1 1 1 3
17 4 0 4 0 1 1 1 4
18 4 0 4 0 1 1 1 4
19 4 0 4 0 1 1 1 4
20 4 0 4 0 1 1 1 4
21 6 0 6 0 3 1 1 4
22 6 0 6 0 3 1 1 4
23 7 0 7 0 3 1 1 5
24 8 0 8 0 4 1 1 5
